x0 = 1024; 
y0 = 1024;
pixSize = 10e-6;
